lcfobjs2 =[ 278.5194  285.3556  280.1899  234.3851  228.5345;
  223.7693  261.9722  243.3632  224.1670  209.1037;
  243.1736  208.6823   75.0297  249.2781  228.9484;
  263.3391  230.9932  207.4324  251.6931  249.4848;
  259.4562  233.1775  250.3740  195.3808  217.3186;
  209.9632  233.9723  209.3277  239.3474  243.2126;
  204.8965  135.4691  279.3518  224.3552  232.4248;
  247.0093  244.4165  214.8970  263.5034  249.7569;
  195.6519  203.1220  210.1616  194.6976  270.3846;
  255.1499  227.5151  231.1760  213.2818  176.5744;
  198.3178  184.2549  281.0762  180.0288  262.3764;
  211.2756  229.4472  235.4632  161.0214  198.8256;
  256.9729  151.3070  202.2166  234.5478  255.7481;
  230.5914  205.3001  207.0071  191.3095  215.8848;
  208.2766  185.2891  239.7250  217.6883  236.4046;
  234.2388  236.4756  225.0732  252.4537  240.1631;
  192.4237  285.2489  235.8711  215.5072  205.1390;
  236.8631  220.0612  230.9072  244.9301  256.0498;
  210.3374  221.4927  199.5744  222.1028  231.6085;
  220.3708  231.8761  232.8404  237.1039  191.3965];

  
estobjs2 =[276.2214  277.6915  285.0360  236.9787  231.2700;
  224.6493  255.3813  240.2189  231.3183  208.3588;
  244.7203  209.5824   78.9448  249.8713  236.0860;
  259.4925  235.3027  206.6853  252.0390  257.4194;
  257.7846  232.1267  235.3504  201.9213  217.5230;
  219.3963  234.9736  211.6997  260.2374  245.7677;
  220.9828  162.1539  276.7397  217.3142  231.1445;
  255.6071  252.0987  208.4207  262.6187  253.9149;
  190.1162  206.4199  209.4853  185.6402  271.0522;
  259.0390  235.6134  221.9415  217.4990  172.9879;
  200.6623  184.3444  290.1882  187.5392  259.4874;
  220.9643  217.7006  237.6807  159.9189  203.7863;
  264.3564  163.8875  213.4336  235.2759  263.1729;
  235.6750  207.2611  213.3282  187.3595  230.6227;
  206.2740  187.0301  239.6130  240.8328  228.9691;
  225.9188  229.8788  224.3195  259.3259  230.5186;
  198.4734  288.2368  248.2128  213.1349  205.3385;
  229.3969  216.7893  232.6105  251.2361  258.7181;
  217.0562  229.9157  198.7895  227.1163  230.1515;
  227.8650  231.9255  232.6936  238.4495  197.1973];

  
lcfsimobjs2 =[276.9309  295.4826  298.2719  244.3859  244.0418;
  240.2996  256.9832  268.2783  245.9858  237.1134;
  257.3335  236.8731   93.5397  261.7144  241.3516;
  277.3653  249.8786  223.4922  263.7689  274.1882;
  270.6800  251.3030  275.8172  244.5824  223.9236;
  252.6401  245.2993  232.3960  284.0206  268.8452;
  252.0368  211.2520  298.3616  246.9310  257.0541;
  276.2883  252.9594  246.1692  271.6465  259.3082;
  212.3954  228.5597  231.3155  232.4108  267.9247;
  268.1175  248.8585  252.9397  241.5195  226.6701;
  207.2108  209.5487  317.3764  217.4343  279.4715;
  228.4137  250.0122  253.2734  205.5707  209.3174;
  278.1950  198.3578  219.6664  236.3480  284.3209;
  248.6255  243.4841  228.9527  228.3889  266.1262;
  214.9355  200.7376  260.4486  243.7953  268.2595;
  263.0262  265.2249  255.4721  281.0589  253.2364;
  209.7210  296.5207  259.0508  223.8748  228.7445;
  265.8677  251.3108  250.4546  290.7029  273.0942;
  237.5101  262.9678  217.5229  236.7816  229.2571;
  249.3356  250.4291  249.7936  244.9354  236.1112];

  
estrejs2 =[    0.7769    2.2171    0.9911    0.5451    3.8664;
    3.5208    0.8977    1.9609    1.7922    1.1504;
    0.7706    2.2986   11.6122    1.9583    2.0471;
    2.0466    3.0197    0.5964    0.2453    2.0034;
    2.8300    1.5000    1.5723    2.4514    2.1039;
    2.7740    1.2842    2.2924    1.9774    1.2857;
    2.9452    6.2150    1.0400    4.1933    3.4303;
    2.1931    1.3966    4.1229    1.4056    1.2897;
    1.3664    1.9449    3.1472    5.7681    1.0769;
    3.6653    2.0432    3.0871    2.4018    3.2631;
    2.1465    3.5189    1.1332    2.7630    3.0509;
    3.1140    3.5654    0.8770    3.5057    3.1943;
    2.1911    5.4558    2.0089    1.0187    2.3697;
    0.6435    3.1696    2.2323    2.6759    2.6909;
    1.6102    3.3609    1.5867    2.1718    3.3063;
    3.4447    3.5628    3.6879    2.9568    0.9877;
    3.0725    1.0583    2.3791    3.8121    3.9846;
    2.1807    1.3550    1.6160    2.8185    1.4080;
    2.2981    2.0266    2.4301    1.9701    0.4878;
    2.0764    1.8038    3.5048    1.7737    3.0239];

    
menusizes2 =[ 4.6500    3.8000    4.8500    4.7000    4.4500;
    4.4500    4.7000    4.9000    4.4000    5.0000;
    4.4000    4.3500    1.4000    4.5500    4.7000;
    4.7000    4.6000    4.7500    4.9500    4.8000;
    4.6000    4.7000    4.8000    4.8500    4.3500;
    5.0000    4.6000    4.3500    4.8000    4.8500;
    4.7500    4.4500    4.8000    4.3500    4.3500;
    4.8500    4.7500    4.9000    4.5000    4.6500;
    4.3000    4.7000    4.1500    4.1000    4.6500;
    4.1500    3.8500    4.5500    4.6500    4.9000;
    4.4000    4.1500    4.5500    4.5500    4.6500;
    4.2500    4.6500    4.9000    4.6000    4.2500;
    4.3500    4.0500    4.7000    4.8000    4.9500;
    4.6500    4.7500    4.4500    5.0000    4.7000;
    4.5500    4.1500    4.6500    4.6000    4.7500;
    4.8500    4.7000    4.7000    4.7000    4.7000;
    4.0000    4.7000    4.3500    3.5000    3.8000;
    4.6000    4.4500    4.4500    4.4500    4.4500;
    4.3000    4.8000    4.7000    4.6500    4.3000;
    4.9500    4.6500    4.2500    4.5000    4.6500];


avepij2 =[ 0.3493    0.4169    0.3140    0.3511    0.2543;
    0.3004    0.4313    0.3149    0.3213    0.3576;
    0.3619    0.2821    0.4266    0.3472    0.3350;
    0.2812    0.3416    0.3397    0.3562    0.3093;
    0.3291    0.3512    0.3669    0.2955    0.3731;
    0.2941    0.3269    0.3345    0.3519    0.3408;
    0.3323    0.2105    0.4244    0.2618    0.2455;
    0.3031    0.2661    0.2488    0.3624    0.3316;
    0.3061    0.3407    0.2604    0.3207    0.3012;
    0.3308    0.3687    0.3131    0.2762    0.3193;
    0.3419    0.2481    0.3188    0.2644    0.3166;
    0.2350    0.2466    0.4495    0.2405    0.2527;
    0.2835    0.2375    0.3180    0.3154    0.3045;
    0.3397    0.2798    0.3069    0.3246    0.2787;
    0.3681    0.3429    0.2884    0.3081    0.3006;
    0.3143    0.2913    0.2977    0.2523    0.3543;
    0.2275    0.3187    0.2564    0.3732    0.2656;
    0.2935    0.2691    0.2995    0.3791    0.3720;
    0.3640    0.2821    0.2972    0.2744    0.3790;
    0.3465    0.2412    0.2845    0.3136    0.3600];

pijover52 =[ 118   159   109   123    70;
    89   163    99   108   127;
   119    96   160   117   114;
    93   105   127   118    84;
   106   116   122    76   143;
    75   114   124   113   108;
    98    45   149    86    62;
    89    73    80   120   106;
   114   120    81   114    92;
   105   138   103    91   103;
      120    77   101    91    95;
    66    76   155    71    87;
    77    59    93   109    95;
   114    71   102   106    72;
   134   118    86    95    77;
   110    88    87    67   117;
    73    98    71   135    88;
    87    82    96   121   133;
   130    84    90    93   140;
   107    75    84   108   121];

   
pijequal12 =[  49    52    34    44    26;
    33    72    36    47    48;
    51    33    60    52    53;
    45    47    65    47    37;
    43    41    45    29    65;
    33    47    41    48    44;
    43    17    79    29    21;
    39    34    42    66    40;
    39    55    31    34    38;
    46    71    36    21    28;
        47    27    37    27    37;
    36    37    70    26    36;
    24    15    35    48    35;
    46    27    34    34    31;
    72    49    37    46    25;
    37    37    39    22    44;
    36    41    26    56    35;
    34    26    41    41    59;
    60    35    38    39    66;
    43    25    32    33    39];

