function[arcs,dem,best]=loadsiouxparams()

arcs=[1,2,25900.2006400000,6;1,3,23403.4731900000,4;2,1,25900.2006400000,6;2,6,4958.18092800000,5;3,1,23403.4731900000,4;3,4,17110.5237200000,4;3,12,23403.4731900000,4;4,3,17110.5237200000,4;4,5,17782.7941000000,2;4,11,4908.82673000000,6;5,4,17782.7941000000,2;5,6,4947.99546900000,4;5,9,10000,5;6,2,4958.18092800000,5;6,5,4947.99546900000,4;6,8,4898.58764600000,2;7,8,7841.81131000000,3;7,18,23403.4731900000,2;8,6,4898.58764600000,2;8,7,7841.81131000000,3;8,9,5050.19315600000,10;8,16,5045.82258300000,5;9,5,10000,5;9,8,5050.19315600000,10;9,10,13915.7884200000,3;10,9,13915.7884200000,3;10,11,10000,5;10,15,13512.0015500000,6;10,16,4854.91771700000,4;10,17,4993.51069400000,8;11,4,4908.82673000000,6;11,10,10000,5;11,12,4908.82673000000,6;11,14,4876.50828700000,4;12,3,23403.4731900000,4;12,11,4908.82673000000,6;12,13,25900.2006400000,3;13,12,25900.2006400000,3;13,24,5091.25615200000,4;14,11,4876.50828700000,4;14,15,5127.52611900000,5;14,23,4924.79060500000,4;15,10,13512.0015500000,6;15,14,5127.52611900000,5;15,19,14564.7531500000,3;15,22,9599.18056500000,3;16,8,5045.82258300000,5;16,10,4854.91771700000,4;16,17,5229.91006300000,2;16,18,19679.8967100000,3;17,10,4993.51069400000,8;17,16,5229.91006300000,2;17,19,4823.95083100000,2;18,7,23403.4731900000,2;18,16,19679.8967100000,3;18,20,23403.4731900000,4;19,15,14564.7531500000,3;19,17,4823.95083100000,2;19,20,5002.60756300000,4;20,18,23403.4731900000,4;20,19,5002.60756300000,4;20,21,5059.91234000000,6;20,22,5075.69719300000,5;21,20,5059.91234000000,6;21,22,5229.91006300000,2;21,24,4885.35756400000,3;22,15,9599.18056500000,3;22,20,5075.69719300000,5;22,21,5229.91006300000,2;22,23,5000,4;23,14,4924.79060500000,4;23,22,5000,4;23,24,5078.50843600000,2;24,13,5091.25615200000,4;24,21,4885.35756400000,3;24,23,5078.50843600000,2];

dem=[0,100,100,500,200,300,500,800,500,1300,500,200,500,300,500,500,400,100,300,300,100,400,300,100;100,0,100,200,100,400,200,400,200,600,200,100,300,100,100,400,200,0,100,100,0,100,0,0;100,100,0,200,100,300,100,200,100,300,300,200,100,100,100,200,100,0,0,0,0,100,100,0;500,200,200,0,500,400,400,700,700,1200,1400,600,600,500,500,800,500,100,200,300,200,400,500,200;200,100,100,500,0,200,200,500,800,1000,500,200,200,100,200,500,200,0,100,100,100,200,100,0;300,400,300,400,200,0,400,800,400,800,400,200,200,100,200,900,500,100,200,300,100,200,100,100;500,200,100,400,200,400,0,1000,600,1900,500,700,400,200,500,1400,1000,200,400,500,200,500,200,100;800,400,200,700,500,800,1000,0,800,1600,800,600,600,400,600,2200,1400,300,700,900,400,500,300,200;500,200,100,700,800,400,600,800,0,2800,1400,600,600,600,900,1400,900,200,400,600,300,700,500,200;1300,600,300,1200,1000,800,1900,1600,2800,0,4000,2000,1900,2100,4000,4400,3900,700,1800,2500,1200,2600,1800,800;500,200,300,1500,500,400,500,800,1400,3900,0,1400,1000,1600,1400,1400,1000,100,400,600,400,1100,1300,600;200,100,200,600,200,200,700,600,600,2000,1400,0,1300,700,700,700,600,200,300,400,300,700,700,500;500,300,100,600,200,200,400,600,600,1900,1000,1300,0,600,700,600,500,100,300,600,600,1300,800,800;300,100,100,500,100,100,200,400,600,2100,1600,700,600,0,1300,700,700,100,300,500,400,1200,1100,400;500,100,100,500,200,200,500,600,1000,4000,1400,700,700,1300,0,1200,1500,200,800,1100,800,2600,1000,400;500,400,200,800,500,900,1400,2200,1400,4400,1400,700,600,700,1200,0,2800,500,1300,1600,600,1200,500,300;400,200,100,500,200,500,1000,1400,900,3900,1000,600,500,700,1500,2800,0,600,1700,1700,600,1700,600,300;100,0,0,100,0,100,200,300,200,700,200,200,100,100,200,500,600,0,300,400,100,300,100,0;300,100,0,200,100,200,400,700,400,1800,400,300,300,300,800,1300,1700,300,0,1200,400,1200,300,100;300,100,0,300,100,300,500,900,600,2500,600,500,600,500,1100,1600,1700,400,1200,0,1200,2400,700,400;100,0,0,200,100,100,200,400,300,1200,400,300,600,400,800,600,600,100,400,1200,0,1800,700,500;400,100,100,400,200,200,500,500,700,2600,1100,700,1300,1200,2600,1200,1700,300,1200,2400,1800,0,2100,1100;300,0,100,500,100,100,200,300,500,1800,1300,700,800,1100,1000,500,600,100,300,700,700,2100,0,700;100,0,0,200,0,100,100,200,200,800,600,500,700,400,400,300,300,0,100,400,500,1100,700,0];

best=[1,2,4494.65764645642,6.00081623735432;1,3,8119.07994804781,4.00869075020794;2,1,4519.07994804781,6.00083412299538;2,6,5967.33639617138,6.57359825538680;3,1,8094.65764645642,4.00858665349985;3,4,14006.3710198625,4.26940183227329;3,12,10022.3196151636,4.02017915562064;4,3,14030.5609174009,4.27126775587574;4,5,18006.3710198625,2.31537410625780;4,11,5200,7.13330048017989;5,4,18030.5609174009,2.31707222835017;5,6,8798.26771410631,9.99822520770989;5,9,15780.7820554712,9.65131070532600;6,2,5991.75869776277,6.59951766737017;6,5,8806.49866681475,10.0207025563476;6,8,12492.9253605627,14.6909550020637;7,8,12101.5291223132,5.55216038110299;7,18,15794.0106069758,2.06222568721318;8,6,12525.5786148626,14.8241595178288;8,7,12040.9182728535,5.50141296256309;8,9,6882.66491266178,15.1747075146759;8,16,8388.71306300359,10.7294735255527;9,5,15796.7410003011,9.67015455950056;9,8,6836.70597529440,15.0378695044477;9,10,21744.0760801768,5.68253305160203;10,9,21814.0760876393,5.71724338629683;10,11,17726.6250329611,12.4056894511828;10,15,23125.7972901026,13.7223702825055;10,16,11047.0938812735,20.0848099783984;10,17,8100,16.3080171507404;11,4,5300,7.22302455519414;11,10,17604.2235332313,12.2032545340365;11,12,8365.28565385922,13.5902276344611;11,14,9776.11953274725,13.6912856884960;12,3,9973.70741603390,4.01979048744596;12,11,8404.93462394657,13.7351556488686;12,13,12287.6052690228,3.02279654368237;13,12,12378.6420399805,3.02347967156159;13,24,11121.3579600195,17.6610077227349;14,11,9814.06906293016,13.8426450450355;14,15,9036.33413402764,12.2343391280461;14,23,8400.43683027486,9.07934431171837;15,10,23192.2833593578,13.8115604510260;15,14,9079.82031658747,12.3746048571733;15,19,19083.2897647474,4.32621207933211;15,22,18409.9350265153,9.08814367305963;16,8,8406.71440521110,10.7788115703809;16,10,11073.0093192105,20.2362756987598;16,17,11695.0029165337,9.50145849099948;16,18,15278.3252415151,3.16346480425993;17,10,8100,16.3080171507404;17,16,11683.8382824395,9.47285441565523;17,19,9953.02143205102,7.43662679909437;18,7,15854.6214564355,2.06318638501801;18,16,15333.4066557538,3.16583487577642;18,20,18976.7961192019,4.25937108733240;19,15,19116.7242790782,4.33553079206387;19,17,9941.85679795683,7.41227403532956;19,20,8688.36704049460,9.45906350815320;20,18,18992.4883829003,4.26023006705520;20,19,8710.63692073122,9.51524939850157;20,21,6302.02287418699,8.16566081278130;20,22,7000,7.71313000030523;21,20,6239.98501812203,8.08163568966561;21,22,8619.53969810176,4.21350582608852;21,24,10309.4108039220,11.9240598284229;22,15,18386.4727639996,9.05716718274648;22,20,7000,7.71313000030523;22,21,8607.38792973501,4.20104985581101;22,23,9661.82423136585,12.3658054958320;23,14,8394.90017789793,9.06596654408773;23,22,9626.21020048335,12.2431384893873;23,24,7902.98392705515,3.75930418840189;24,13,11112.3947309772,17.6170207230586;24,21,10259.5247162238,11.7525794054016;24,23,7861.83324379573,3.72294674210277];